<html>
<head><meta charset="utf-8" /></head>
<body>
    <div>                        <script type="text/javascript">window.PlotlyConfig = {MathJaxConfig: 'local'};</script>
        <script charset="utf-8" src="https://cdn.plot.ly/plotly-2.35.2.min.js"></script>                <div id="f4b7fb88-c9f9-43c7-b10d-022c2d5f9a28" class="plotly-graph-div" style="height:800px; width:1200px;"></div>            <script type="text/javascript">                                    window.PLOTLYENV=window.PLOTLYENV || {};                                    if (document.getElementById("f4b7fb88-c9f9-43c7-b10d-022c2d5f9a28")) {                    Plotly.newPlot(                        "f4b7fb88-c9f9-43c7-b10d-022c2d5f9a28",                        [{"coloraxis":"coloraxis","name":"0","x":["support","set up","ink and cartridge","wifi and connection","paper tray","customer service","print time","quality","subscription","will return","scanner","price","free ink","uninstalling","8015","waste","smart","shipping","*surprise","disappointed ","pages","touch screen","works great","other brands","frustrating ","not recommend","fax","flimsy\u002fsturdy","give stars","jams","at home","lot of issues","print with phone","headaches","worst printer, hate","low cartridge","wanted features","Apple users","printing envelopes","customer service problems"],"y":["support","set up","ink and cartridge","wifi and connection","paper tray","customer service","print time","quality","subscription","will return","scanner","price","free ink","uninstalling","8015","waste","smart","shipping","*surprise","disappointed ","pages","touch screen","works great","other brands","frustrating ","not recommend","fax","flimsy\u002fsturdy","give stars","jams","at home","lot of issues","print with phone","headaches","worst printer, hate","low cartridge","wanted features","Apple users","printing envelopes","customer service problems"],"z":[[1.0000000000000009,0.4583917477614474,0.6497585575438339,0.46787859969800644,0.38663662224721174,0.5014385918773039,0.5449325862054347,0.4015470827821201,0.45510622424685104,0.5114840761732011,0.40151395217512575,0.3326580533702829,0.4573887216339855,0.31612835726923316,0.6379177760197966,0.28593313504378776,0.5551160893178392,0.2567834757851828,0.09859967640284024,0.20452180084994276,0.4065459742101929,0.36563251838945665,0.4879844715644941,0.37455406630211696,0.21409506310621662,0.5292484136977624,0.3663899143986483,0.1832329864160533,0.23019062293508225,0.3651351502407267,0.3551889606351916,0.37342154805242467,0.4204248528951236,0.2140277897321648,0.5833710329032779,0.4804707125691085,0.5476632783117794,0.4036033074454946,0.33498834208894845,0.5535437815533111],[0.4583917477614474,1.0000000000000007,0.5364366320164092,0.6365400398836709,0.45408914698928543,0.3906789820791089,0.6263677067287209,0.5348787937535471,0.4724870904386299,0.35793140848825244,0.48342764828364526,0.1993888471056659,0.5042356982688897,0.31261421406729545,0.4947315398766994,0.20860293633964916,0.5676498644352106,0.2726725435141217,0.048247254833478234,0.05740734215846607,0.45738418320050245,0.238410238256086,0.6240327472410794,0.21945387411845885,0.24650115983032211,0.5493748286514901,0.4342121054576115,0.09178623972893478,0.26670117498052665,0.35195235460035834,0.4055048427712594,0.3259631893993593,0.5702593169850056,0.18295626877999832,0.5652919220188038,0.46211127124521245,0.5980964172300178,0.623753589471785,0.3612982663551567,0.6239076812887371],[0.6497585575438339,0.5364366320164092,1.0,0.4423685581411566,0.4287046324374962,0.31154339949058846,0.7019122466719182,0.6350194895897184,0.7296226878524906,0.4100405035824201,0.5042161804943562,0.2396411537915429,0.8665993062684265,0.1798664782137259,0.5718505642281454,0.19432517295002674,0.49943111248043437,0.2313370903855719,0.031714434915674196,0.06442536650170565,0.6900744866708863,0.25334596908676743,0.6595399961080787,0.32822962344927137,0.10602201012879542,0.6709657911381,0.4235686502244345,0.020522410643100925,0.1965855412644836,0.482377668470552,0.20815378581867888,0.227294728303079,0.5567150632950342,0.23276415481699125,0.67660367847877,0.8203895572140196,0.7171397503753023,0.5547306172573081,0.5161717906387107,0.7159827252561486],[0.46787859969800644,0.6365400398836709,0.4423685581411566,0.9999999999999999,0.31154962613790455,0.36364080444177604,0.6198267194923781,0.3866812785253505,0.42234894008919066,0.433451393509177,0.39974352668632057,0.10764363746064161,0.3657956965156786,0.5071734255113703,0.4128774596668864,0.15428132103887893,0.5695052194046902,0.11024492305877151,-0.027727414999323765,0.0028180329876194045,0.3181290696920334,0.1894401176411543,0.5836157391016703,0.19815339798098516,0.2247320233321352,0.48464853500155836,0.37791171640245835,0.12325159912686477,0.18185200934646464,0.3144762090332324,0.3512686187223599,0.3613222280219959,0.5570366816386091,0.08491175059009014,0.5045317218454821,0.37667074666898503,0.473714398021211,0.6940487369554665,0.27278935409097427,0.5432628892939919],[0.38663662224721174,0.45408914698928543,0.4287046324374962,0.31154962613790455,0.9999999999999994,0.2574047102488105,0.5835521862415347,0.48892368952910825,0.36442993737700075,0.5089158185224477,0.565526821991613,0.20951227373014078,0.3630445642843262,0.2102872918802031,0.43857060266281406,0.297029258023942,0.39611405376662495,0.18524494051264068,0.09737904977375259,0.1638772627412648,0.5240399228799527,0.36670595844653153,0.5419002066807435,0.2640691685100768,0.2818302603057068,0.4906912450974199,0.4728757908287662,0.35319550057497345,0.3491293647214853,0.6630347985401578,0.42312217587634815,0.3697477328632588,0.41108766454894474,0.2529722730584297,0.557633490596036,0.4023950289925896,0.49943218952562085,0.3350662760153958,0.5534565622119024,0.5790607273821363],[0.5014385918773039,0.3906789820791089,0.31154339949058846,0.36364080444177604,0.2574047102488105,1.0000000000000004,0.3570932421726881,0.16866474849637825,0.5668343212800917,0.5422294398506152,0.2311500206307938,0.37816614580897745,0.32793410018423197,0.4730914292449384,0.3128871458801289,0.42160837782503713,0.21522694725801667,0.49009114474091076,0.19618726804231074,0.3601411007035285,0.19323801095559012,0.18469550585475386,0.26386741617975734,0.34471300713472114,0.4477826215375299,0.2107660142314976,0.33001624249197525,0.1715290736815846,0.18610818324749037,0.30960499350113535,0.24831840919617587,0.5075186037840073,0.19568575261331628,0.22939735169863867,0.37195378437328874,0.3057003416403273,0.27677491107655117,0.22071341857490404,0.21999547291175228,0.34496074896427864],[0.5449325862054347,0.6263677067287209,0.7019122466719182,0.6198267194923781,0.5835521862415347,0.3570932421726881,0.9999999999999996,0.7327844952030833,0.5462591168691417,0.5775287204543228,0.634098400971945,0.15776439756109345,0.5760278891827346,0.4116778703682945,0.5413443921050074,0.25888677095946194,0.5709756175399907,0.2078654201705385,0.02836664071157581,0.08374802944848458,0.705634526919593,0.31443485790991077,0.7592576168528047,0.27998691143232346,0.24896023566518136,0.7085023721645465,0.5158408402312037,0.1620926387695544,0.2997938542635934,0.6954767118965363,0.30340121074303616,0.44785454755180476,0.6257617531531079,0.17080814087207485,0.8175335190856848,0.7340712780739828,0.7041699097048669,0.6762340008195085,0.5759715775785159,0.8214960077946236],[0.4015470827821201,0.5348787937535471,0.6350194895897184,0.3866812785253505,0.48892368952910825,0.16866474849637825,0.7327844952030833,1.0000000000000007,0.4113165774534518,0.35420880004483746,0.4891059231609647,0.2754748085914095,0.5843467752641922,0.04104051705271951,0.485672324475275,0.22714151004592498,0.39648359797104327,0.20941120692023968,0.05118091011178907,0.08741126304034516,0.7098005191579673,0.41081430657115675,0.7360283471431166,0.36784983592905024,0.11351964459840432,0.6746105012847149,0.42551412239465225,0.19832482487747055,0.4192439283700046,0.5075471452963316,0.3633954675052432,0.3111360743465211,0.6284698926905946,0.15188394694897187,0.7272863046789596,0.5631189983956438,0.7233484079864728,0.5552817785513086,0.5384693858722611,0.6402883478911],[0.45510622424685104,0.4724870904386299,0.7296226878524906,0.42234894008919066,0.36442993737700075,0.5668343212800917,0.5462591168691417,0.4113165774534518,0.9999999999999998,0.5021377898896499,0.3902353203477275,0.42355846304699296,0.7961003459183482,0.36989047899689376,0.42588999942606076,0.36970565337649625,0.3147858373356799,0.39803792899504287,0.13818543837187455,0.2576157261537486,0.504101260789775,0.18741489908893932,0.4761533850968508,0.3402450546463686,0.26153807217121977,0.5030092462401996,0.4117260717644548,0.030249051007389043,0.23564938723608742,0.38417369919153205,0.23665578600918835,0.33069672959169366,0.43158609744534987,0.3180717063019043,0.5249875487171228,0.6044841040066502,0.5574843051914755,0.44641412043091183,0.3688559045480598,0.5588474460764656],[0.5114840761732011,0.35793140848825244,0.4100405035824201,0.433451393509177,0.5089158185224477,0.5422294398506152,0.5775287204543228,0.35420880004483746,0.5021377898896499,0.9999999999999998,0.354527982441696,0.5059103646517097,0.33159832490940866,0.4932034852140611,0.46931618098175676,0.48987874922165386,0.3316845228648393,0.32488691804181097,0.16469552612731317,0.31405086051498016,0.3461996120739107,0.3512082181674223,0.49344993594912007,0.5209355652403109,0.36550935405868507,0.4744502857406553,0.3489100761877566,0.46783611441752204,0.3508134136647224,0.4911623596211433,0.3962914025806379,0.5661624645842674,0.3063984572333069,0.22829422170018798,0.6190928250147424,0.48670715989480684,0.39192313364390147,0.31364925742208694,0.28980055570721874,0.4842682448512751],[0.40151395217512575,0.48342764828364526,0.5042161804943562,0.39974352668632057,0.565526821991613,0.2311500206307938,0.634098400971945,0.4891059231609647,0.3902353203477275,0.354527982441696,1.0000000000000002,0.09930100006023343,0.42218092972517324,0.2245718573000364,0.44235669571703823,0.1804641408111975,0.7707421248319214,0.1020057126734116,0.020076340023111476,0.018907332594905457,0.5825170488116035,0.261451822398602,0.5568361765342559,0.16082931674307874,0.13974523869091088,0.5634029617200832,0.6094764710775986,0.00969256744849623,0.2574407386436177,0.5372538780965409,0.29574030842055365,0.2080741322268154,0.540478307381786,0.18454800168707092,0.5339869215007402,0.4174563084222439,0.5488694105295481,0.46875877841732977,0.515377581508729,0.6531166683337929],[0.3326580533702829,0.1993888471056659,0.2396411537915429,0.10764363746064161,0.20951227373014078,0.37816614580897745,0.15776439756109345,0.2754748085914095,0.42355846304699296,0.5059103646517097,0.09930100006023343,1.0000000000000009,0.3086965276449666,0.10461295310559154,0.31011230024539227,0.5050748575956716,0.06874294974303467,0.4309310451655192,0.30308050426355515,0.4020700927588592,0.17600558292339308,0.27962377088632623,0.21429282512712955,0.6413541537963741,0.25924562489948677,0.356364292996312,0.15227592532832956,0.3924450663311625,0.4133102439961308,0.17737992382568274,0.44739995547903055,0.3609986803098597,0.1541679994776732,0.4639161705753899,0.30117668268370273,0.17699227521842256,0.3244362534389849,0.033411946145064236,0.01635893735598267,0.17252785179897215],[0.4573887216339855,0.5042356982688897,0.8665993062684265,0.3657956965156786,0.3630445642843262,0.32793410018423197,0.5760278891827346,0.5843467752641922,0.7961003459183482,0.33159832490940866,0.42218092972517324,0.3086965276449666,1.0000000000000016,0.12152010480984918,0.4703562276255546,0.2185017507723087,0.36399512621069924,0.3401649297702693,0.07817281218206647,0.08045670430081843,0.6207146778520569,0.21574516567382607,0.5821663427926618,0.28399797800766735,0.06931028121586166,0.5912508539058593,0.38002502035600316,-0.024859626458809972,0.2531298194277256,0.3807492051821472,0.24710767843255804,0.17574280095714623,0.5136255855160563,0.2688061550418447,0.5535031421831196,0.6805447977051828,0.6808395311449522,0.477920315142775,0.43435171581040344,0.6287205988119606],[0.31612835726923316,0.31261421406729545,0.1798664782137259,0.5071734255113703,0.2102872918802031,0.4730914292449384,0.4116778703682945,0.04104051705271951,0.36989047899689376,0.4932034852140611,0.2245718573000364,0.10461295310559154,0.12152010480984918,1.0000000000000009,0.21905888111992833,0.18665321906599983,0.3231635501204687,0.17443633606488032,0.0777278440870611,0.1057611406949489,0.08430373431127637,0.10356382311305339,0.26027869566096784,0.12120573929715132,0.2727815579991729,0.10373456865201798,0.18632986061355844,0.07880174014692881,0.06647740945229877,0.2659083216862359,0.09126053394211689,0.4245261501727724,0.12931637733997836,-0.0006747543308192067,0.21774323652477107,0.33395908531870766,0.04867556470748247,0.3473925976763763,0.16965908094664633,0.22926597365562235],[0.6379177760197966,0.4947315398766994,0.5718505642281454,0.4128774596668864,0.43857060266281406,0.3128871458801289,0.5413443921050074,0.485672324475275,0.42588999942606076,0.46931618098175676,0.44235669571703823,0.31011230024539227,0.4703562276255546,0.21905888111992833,1.000000000000001,0.1750672896711806,0.49459795035842413,0.24669643429742633,0.0471237348115777,0.09565533122446498,0.46496645761647437,0.38120304160488727,0.530434075277169,0.4045191162037794,0.06086322770048138,0.5921309058438377,0.4751803382045099,0.09526510178154614,0.2522978263481036,0.3640840986499053,0.4050599639256146,0.22770241578757972,0.46508099461782426,0.14691492800111483,0.5797969352975659,0.4820301404679172,0.6071693306616773,0.4239736914409104,0.410951539481336,0.5786599393899006],[0.28593313504378776,0.20860293633964916,0.19432517295002674,0.15428132103887893,0.297029258023942,0.42160837782503713,0.25888677095946194,0.22714151004592498,0.36970565337649625,0.48987874922165386,0.1804641408111975,0.5050748575956716,0.2185017507723087,0.18665321906599983,0.1750672896711806,1.0000000000000013,0.12451823293687458,0.18898673030265328,0.2820175670879388,0.567109109146011,0.1917830278770403,0.24247158273343106,0.21707612098248558,0.38463265635808597,0.5938112807368405,0.2567512642486913,0.18477160827213118,0.3674377241131762,0.41658242067187146,0.29720126509482114,0.282817688336544,0.4080158220228992,0.18270628664616334,0.45097357296523966,0.4185525357401882,0.16174337988148424,0.21725332273651027,0.11254413167227478,0.1307435608173173,0.23995353920483314],[0.5551160893178392,0.5676498644352106,0.49943111248043437,0.5695052194046902,0.39611405376662495,0.21522694725801667,0.5709756175399907,0.39648359797104327,0.3147858373356799,0.3316845228648393,0.7707421248319214,0.06874294974303467,0.36399512621069924,0.3231635501204687,0.49459795035842413,0.12451823293687458,1.0000000000000007,0.057752267378668815,-0.049722221174636885,-0.0593284575387222,0.34619166799154477,0.22787627274737499,0.5856578852509069,0.13715985412557857,0.06903779999307239,0.5193254644180096,0.4954234963034124,-0.021267841623199397,0.16770339964908518,0.32682151192366593,0.2954939249158044,0.18802446218223895,0.5158158561448586,0.059600972585160464,0.48641720664385946,0.3643814708942196,0.49962795230134205,0.6133546942753417,0.3304098693039844,0.5281884964000736],[0.2567834757851828,0.2726725435141217,0.2313370903855719,0.11024492305877151,0.18524494051264068,0.49009114474091076,0.2078654201705385,0.20941120692023968,0.39803792899504287,0.32488691804181097,0.1020057126734116,0.4309310451655192,0.3401649297702693,0.17443633606488032,0.24669643429742633,0.18898673030265328,0.057752267378668815,1.0,0.20486632293491744,0.28765315231214417,0.16934313340563265,0.13010253117565018,0.1871570577164584,0.2501761459659178,0.15585589929808952,0.11707136294312923,0.211019346844776,0.17302711085714817,0.21614380638695094,0.17351186177084826,0.17911849625136722,0.29363098566800605,0.10738950558067833,0.10072009627811071,0.17371606642461337,0.24426636464313423,0.24797375637733254,0.1155490587561941,0.2088786821354074,0.198836730866311],[0.09859967640284024,0.048247254833478234,0.031714434915674196,-0.027727414999323765,0.09737904977375259,0.19618726804231074,0.02836664071157581,0.05118091011178907,0.13818543837187455,0.16469552612731317,0.020076340023111476,0.30308050426355515,0.07817281218206647,0.0777278440870611,0.0471237348115777,0.2820175670879388,-0.049722221174636885,0.20486632293491744,1.0000000000000013,0.3753980574375283,0.09240923415124844,0.09900110746327674,-0.01788342843505382,0.0918962197862363,0.21395784341436738,0.02106428668852545,0.06875242938732974,0.1519752281182007,0.1886947839539406,0.10622210715441763,0.07528930550650234,0.08730544078734556,0.04994496623077554,0.1717513661352842,0.08271527752067549,0.04571736640628628,0.01575658351460715,-0.0519191964466721,0.007027623350454095,0.06150338985252492],[0.20452180084994276,0.05740734215846607,0.06442536650170565,0.0028180329876194045,0.1638772627412648,0.3601411007035285,0.08374802944848458,0.08741126304034516,0.2576157261537486,0.31405086051498016,0.018907332594905457,0.4020700927588592,0.08045670430081843,0.1057611406949489,0.09565533122446498,0.567109109146011,-0.0593284575387222,0.28765315231214417,0.3753980574375283,1.0000000000000007,0.11161593683547104,0.16905782059709168,0.025207082155830004,0.23091846397250687,0.5051238232095995,0.06173850016708953,0.06194289951302846,0.26905150400510996,0.29748224891880454,0.1770283146082307,0.07800187631152797,0.23741120372008273,0.03544397006771065,0.2060553938086336,0.2309159146591706,0.11901886927110784,0.05473124765861166,0.007994401432038493,0.06115048457445973,0.10642009471925949],[0.4065459742101929,0.45738418320050245,0.6900744866708863,0.3181290696920334,0.5240399228799527,0.19323801095559012,0.705634526919593,0.7098005191579673,0.504101260789775,0.3461996120739107,0.5825170488116035,0.17600558292339308,0.6207146778520569,0.08430373431127637,0.46496645761647437,0.1917830278770403,0.34619166799154477,0.16934313340563265,0.09240923415124844,0.11161593683547104,1.0000000000000002,0.3287334945645834,0.5494322792910181,0.2625763782615068,0.12320539744842121,0.6117101283527435,0.45529177650450725,0.10288601848121931,0.28119225890189153,0.6074672464369997,0.33508815886061455,0.1639236335103066,0.6446710577708668,0.25051517500867954,0.6142327590368486,0.627105303255993,0.6864097494806646,0.47474754543349096,0.6131545816733114,0.7021858951438101],[0.36563251838945665,0.238410238256086,0.25334596908676743,0.1894401176411543,0.36670595844653153,0.18469550585475386,0.31443485790991077,0.41081430657115675,0.18741489908893932,0.3512082181674223,0.261451822398602,0.27962377088632623,0.21574516567382607,0.10356382311305339,0.38120304160488727,0.24247158273343106,0.22787627274737499,0.13010253117565018,0.09900110746327674,0.16905782059709168,0.3287334945645834,1.0000000000000009,0.25262678193970994,0.39568158487963767,0.1785291447997677,0.32164686316142366,0.2854046042846734,0.24162444196834804,0.2729751869525564,0.22556801854737277,0.38594607255637026,0.24574280477140978,0.42399296093294836,0.2062526042502453,0.3765583352164356,0.21586709905946938,0.42865668036531906,0.21437300580872617,0.17885186339967288,0.3327974761178767],[0.4879844715644941,0.6240327472410794,0.6595399961080787,0.5836157391016703,0.5419002066807435,0.26386741617975734,0.7592576168528047,0.7360283471431166,0.4761533850968508,0.49344993594912007,0.5568361765342559,0.21429282512712955,0.5821663427926618,0.26027869566096784,0.530434075277169,0.21707612098248558,0.5856578852509069,0.1871570577164584,-0.01788342843505382,0.025207082155830004,0.5494322792910181,0.25262678193970994,1.0000000000000004,0.24362402957573126,0.11568167922417794,0.71397618147527,0.4714718551139939,0.16586423054350025,0.32713050932739995,0.5078282916946829,0.42249000978119766,0.40309550813138356,0.5570203967884395,0.08796869568070534,0.6741793045356945,0.6116855017384044,0.6694386801459222,0.6487627449091669,0.4815480034136487,0.6491506961921998],[0.37455406630211696,0.21945387411845885,0.32822962344927137,0.19815339798098516,0.2640691685100768,0.34471300713472114,0.27998691143232346,0.36784983592905024,0.3402450546463686,0.5209355652403109,0.16082931674307874,0.6413541537963741,0.28399797800766735,0.12120573929715132,0.4045191162037794,0.38463265635808597,0.13715985412557857,0.2501761459659178,0.0918962197862363,0.23091846397250687,0.2625763782615068,0.39568158487963767,0.24362402957573126,1.0000000000000013,0.19872884086141268,0.3344309362295264,0.19322479466499604,0.4381683829874529,0.3351250712360542,0.20917603255653214,0.44300846312935027,0.3746604327660733,0.24897780723741514,0.4907441986435895,0.4304496618670708,0.2891453607014758,0.4818774716512778,0.13688685543074758,0.13239175825285487,0.30433550984392066],[0.21409506310621662,0.24650115983032211,0.10602201012879542,0.2247320233321352,0.2818302603057068,0.4477826215375299,0.24896023566518136,0.11351964459840432,0.26153807217121977,0.36550935405868507,0.13974523869091088,0.25924562489948677,0.06931028121586166,0.2727815579991729,0.06086322770048138,0.5938112807368405,0.06903779999307239,0.15585589929808952,0.21395784341436738,0.5051238232095995,0.12320539744842121,0.1785291447997677,0.11568167922417794,0.19872884086141268,1.000000000000001,0.06845298533299168,0.11334636096813128,0.26337413344500143,0.21035868311342404,0.3315136651488478,0.12691139537937673,0.4852487834844448,0.08914628765990962,0.34003903261390733,0.3228580675014883,0.14854886105281498,0.07280519300400348,0.09420192767341379,0.10533972173828746,0.18646591003261082],[0.5292484136977624,0.5493748286514901,0.6709657911381,0.48464853500155836,0.4906912450974199,0.2107660142314976,0.7085023721645465,0.6746105012847149,0.5030092462401996,0.4744502857406553,0.5634029617200832,0.356364292996312,0.5912508539058593,0.10373456865201798,0.5921309058438377,0.2567512642486913,0.5193254644180096,0.11707136294312923,0.02106428668852545,0.06173850016708953,0.6117101283527435,0.32164686316142366,0.71397618147527,0.3344309362295264,0.06845298533299168,1.0000000000000013,0.532343018173075,0.09925402852519319,0.31767760577983456,0.46212022242698114,0.443738335343951,0.2500149484812745,0.618183153462064,0.1751981265401661,0.7439215685231835,0.5380677186333594,0.7637321896683694,0.5704579652641368,0.46159417546500003,0.7206595721802287],[0.3663899143986483,0.4342121054576115,0.4235686502244345,0.37791171640245835,0.4728757908287662,0.33001624249197525,0.5158408402312037,0.42551412239465225,0.4117260717644548,0.3489100761877566,0.6094764710775986,0.15227592532832956,0.38002502035600316,0.18632986061355844,0.4751803382045099,0.18477160827213118,0.4954234963034124,0.211019346844776,0.06875242938732974,0.06194289951302846,0.45529177650450725,0.2854046042846734,0.4714718551139939,0.19322479466499604,0.11334636096813128,0.532343018173075,1.000000000000002,0.06352289624558355,0.2083106574037969,0.43266783675522014,0.4066121414429521,0.17472393219540663,0.569206805125875,0.1716462202998973,0.47304509166396314,0.3256108601105819,0.5639966057583704,0.44444016057692914,0.5236100530134024,0.5537924225018236],[0.1832329864160533,0.09178623972893478,0.020522410643100925,0.12325159912686477,0.35319550057497345,0.1715290736815846,0.1620926387695544,0.19832482487747055,0.030249051007389043,0.46783611441752204,0.00969256744849623,0.3924450663311625,-0.024859626458809972,0.07880174014692881,0.09526510178154614,0.3674377241131762,-0.021267841623199397,0.17302711085714817,0.1519752281182007,0.26905150400510996,0.10288601848121931,0.24162444196834804,0.16586423054350025,0.4381683829874529,0.26337413344500143,0.09925402852519319,0.06352289624558355,1.0000000000000009,0.24546153615240585,0.28443391386469363,0.3477045412027003,0.44325477602463986,0.07023356662716199,0.2479220731676895,0.23396212502739921,0.0827963328593074,0.1531367954983811,-0.005613698553523104,0.04787037373708625,0.1408677472935565],[0.23019062293508225,0.26670117498052665,0.1965855412644836,0.18185200934646464,0.3491293647214853,0.18610818324749037,0.2997938542635934,0.4192439283700046,0.23564938723608742,0.3508134136647224,0.2574407386436177,0.4133102439961308,0.2531298194277256,0.06647740945229877,0.2522978263481036,0.41658242067187146,0.16770339964908518,0.21614380638695094,0.1886947839539406,0.29748224891880454,0.28119225890189153,0.2729751869525564,0.32713050932739995,0.3351250712360542,0.21035868311342404,0.31767760577983456,0.2083106574037969,0.24546153615240585,1.0000000000000009,0.2950495722355263,0.31943875051695525,0.2907233598859846,0.1902825977136629,0.2204752343772509,0.4050272011918504,0.193068361958166,0.2918478059803492,0.1463813618893085,0.19180791891413518,0.28978145872810407],[0.3651351502407267,0.35195235460035834,0.482377668470552,0.3144762090332324,0.6630347985401578,0.30960499350113535,0.6954767118965363,0.5075471452963316,0.38417369919153205,0.4911623596211433,0.5372538780965409,0.17737992382568274,0.3807492051821472,0.2659083216862359,0.3640840986499053,0.29720126509482114,0.32682151192366593,0.17351186177084826,0.10622210715441763,0.1770283146082307,0.6074672464369997,0.22556801854737277,0.5078282916946829,0.20917603255653214,0.3315136651488478,0.46212022242698114,0.43266783675522014,0.28443391386469363,0.2950495722355263,1.0000000000000009,0.27273825783587385,0.4125915180966977,0.3585928999380379,0.23183457189418946,0.6026578892410336,0.5134549013518352,0.45114521714202005,0.3252524205851253,0.5717069013472533,0.559044365846765],[0.3551889606351916,0.4055048427712594,0.20815378581867888,0.3512686187223599,0.42312217587634815,0.24831840919617587,0.30340121074303616,0.3633954675052432,0.23665578600918835,0.3962914025806379,0.29574030842055365,0.44739995547903055,0.24710767843255804,0.09126053394211689,0.4050599639256146,0.282817688336544,0.2954939249158044,0.17911849625136722,0.07528930550650234,0.07800187631152797,0.33508815886061455,0.38594607255637026,0.42249000978119766,0.44300846312935027,0.12691139537937673,0.443738335343951,0.4066121414429521,0.3477045412027003,0.31943875051695525,0.27273825783587385,1.0000000000000016,0.2803821904953105,0.45103041429733104,0.3933622362526657,0.3726769577126947,0.10957829980800182,0.5561151518434437,0.205459258943563,0.16598724626550912,0.3082832778322899],[0.37342154805242467,0.3259631893993593,0.227294728303079,0.3613222280219959,0.3697477328632588,0.5075186037840073,0.44785454755180476,0.3111360743465211,0.33069672959169366,0.5661624645842674,0.2080741322268154,0.3609986803098597,0.17574280095714623,0.4245261501727724,0.22770241578757972,0.4080158220228992,0.18802446218223895,0.29363098566800605,0.08730544078734556,0.23741120372008273,0.1639236335103066,0.24574280477140978,0.40309550813138356,0.3746604327660733,0.4852487834844448,0.2500149484812745,0.17472393219540663,0.44325477602463986,0.2907233598859846,0.4125915180966977,0.2803821904953105,1.0000000000000013,0.11161137707379559,0.28117835151871795,0.41550144164589947,0.3562998368066448,0.2372927668219848,0.20819590010200922,0.17840377891124337,0.308971417673673],[0.4204248528951236,0.5702593169850056,0.5567150632950342,0.5570366816386091,0.41108766454894474,0.19568575261331628,0.6257617531531079,0.6284698926905946,0.43158609744534987,0.3063984572333069,0.540478307381786,0.1541679994776732,0.5136255855160563,0.12931637733997836,0.46508099461782426,0.18270628664616334,0.5158158561448586,0.10738950558067833,0.04994496623077554,0.03544397006771065,0.6446710577708668,0.42399296093294836,0.5570203967884395,0.24897780723741514,0.08914628765990962,0.618183153462064,0.569206805125875,0.07023356662716199,0.1902825977136629,0.3585928999380379,0.45103041429733104,0.11161137707379559,1.0000000000000009,0.2115239039080845,0.5798212827487397,0.3705941452309295,0.731046572505857,0.7561307338657872,0.4492468563424806,0.6754223685808021],[0.2140277897321648,0.18295626877999832,0.23276415481699125,0.08491175059009014,0.2529722730584297,0.22939735169863867,0.17080814087207485,0.15188394694897187,0.3180717063019043,0.22829422170018798,0.18454800168707092,0.4639161705753899,0.2688061550418447,-0.0006747543308192067,0.14691492800111483,0.45097357296523966,0.059600972585160464,0.10072009627811071,0.1717513661352842,0.2060553938086336,0.25051517500867954,0.2062526042502453,0.08796869568070534,0.4907441986435895,0.34003903261390733,0.1751981265401661,0.1716462202998973,0.2479220731676895,0.2204752343772509,0.23183457189418946,0.3933622362526657,0.28117835151871795,0.2115239039080845,1.000000000000001,0.22438809991508754,0.13494645027473334,0.3554771996065884,0.019235297136833848,0.07333878754855588,0.24056160747747313],[0.5833710329032779,0.5652919220188038,0.67660367847877,0.5045317218454821,0.557633490596036,0.37195378437328874,0.8175335190856848,0.7272863046789596,0.5249875487171228,0.6190928250147424,0.5339869215007402,0.30117668268370273,0.5535031421831196,0.21774323652477107,0.5797969352975659,0.4185525357401882,0.48641720664385946,0.17371606642461337,0.08271527752067549,0.2309159146591706,0.6142327590368486,0.3765583352164356,0.6741793045356945,0.4304496618670708,0.3228580675014883,0.7439215685231835,0.47304509166396314,0.23396212502739921,0.4050272011918504,0.6026578892410336,0.3726769577126947,0.41550144164589947,0.5798212827487397,0.22438809991508754,1.0000000000000009,0.6311834332651926,0.7453591386849289,0.564754610929346,0.5110431066929746,0.7705857496211286],[0.4804707125691085,0.46211127124521245,0.8203895572140196,0.37667074666898503,0.4023950289925896,0.3057003416403273,0.7340712780739828,0.5631189983956438,0.6044841040066502,0.48670715989480684,0.4174563084222439,0.17699227521842256,0.6805447977051828,0.33395908531870766,0.4820301404679172,0.16174337988148424,0.3643814708942196,0.24426636464313423,0.04571736640628628,0.11901886927110784,0.627105303255993,0.21586709905946938,0.6116855017384044,0.2891453607014758,0.14854886105281498,0.5380677186333594,0.3256108601105819,0.0827963328593074,0.193068361958166,0.5134549013518352,0.10957829980800182,0.3562998368066448,0.3705941452309295,0.13494645027473334,0.6311834332651926,1.0000000000000002,0.5292710576376415,0.4474095504826274,0.45986890274402964,0.6588806854853281],[0.5476632783117794,0.5980964172300178,0.7171397503753023,0.473714398021211,0.49943218952562085,0.27677491107655117,0.7041699097048669,0.7233484079864728,0.5574843051914755,0.39192313364390147,0.5488694105295481,0.3244362534389849,0.6808395311449522,0.04867556470748247,0.6071693306616773,0.21725332273651027,0.49962795230134205,0.24797375637733254,0.01575658351460715,0.05473124765861166,0.6864097494806646,0.42865668036531906,0.6694386801459222,0.4818774716512778,0.07280519300400348,0.7637321896683694,0.5639966057583704,0.1531367954983811,0.2918478059803492,0.45114521714202005,0.5561151518434437,0.2372927668219848,0.731046572505857,0.3554771996065884,0.7453591386849289,0.5292710576376415,1.0000000000000009,0.5840779026252864,0.4903527450815893,0.7305529885535164],[0.4036033074454946,0.623753589471785,0.5547306172573081,0.6940487369554665,0.3350662760153958,0.22071341857490404,0.6762340008195085,0.5552817785513086,0.44641412043091183,0.31364925742208694,0.46875877841732977,0.033411946145064236,0.477920315142775,0.3473925976763763,0.4239736914409104,0.11254413167227478,0.6133546942753417,0.1155490587561941,-0.0519191964466721,0.007994401432038493,0.47474754543349096,0.21437300580872617,0.6487627449091669,0.13688685543074758,0.09420192767341379,0.5704579652641368,0.44444016057692914,-0.005613698553523104,0.1463813618893085,0.3252524205851253,0.205459258943563,0.20819590010200922,0.7561307338657872,0.019235297136833848,0.564754610929346,0.4474095504826274,0.5840779026252864,1.0000000000000013,0.4194484597138979,0.6422137070813173],[0.33498834208894845,0.3612982663551567,0.5161717906387107,0.27278935409097427,0.5534565622119024,0.21999547291175228,0.5759715775785159,0.5384693858722611,0.3688559045480598,0.28980055570721874,0.515377581508729,0.01635893735598267,0.43435171581040344,0.16965908094664633,0.410951539481336,0.1307435608173173,0.3304098693039844,0.2088786821354074,0.007027623350454095,0.06115048457445973,0.6131545816733114,0.17885186339967288,0.4815480034136487,0.13239175825285487,0.10533972173828746,0.46159417546500003,0.5236100530134024,0.04787037373708625,0.19180791891413518,0.5717069013472533,0.16598724626550912,0.17840377891124337,0.4492468563424806,0.07333878754855588,0.5110431066929746,0.45986890274402964,0.4903527450815893,0.4194484597138979,1.0000000000000013,0.5779519242609028],[0.5535437815533111,0.6239076812887371,0.7159827252561486,0.5432628892939919,0.5790607273821363,0.34496074896427864,0.8214960077946236,0.6402883478911,0.5588474460764656,0.4842682448512751,0.6531166683337929,0.17252785179897215,0.6287205988119606,0.22926597365562235,0.5786599393899006,0.23995353920483314,0.5281884964000736,0.198836730866311,0.06150338985252492,0.10642009471925949,0.7021858951438101,0.3327974761178767,0.6491506961921998,0.30433550984392066,0.18646591003261082,0.7206595721802287,0.5537924225018236,0.1408677472935565,0.28978145872810407,0.559044365846765,0.3082832778322899,0.308971417673673,0.6754223685808021,0.24056160747747313,0.7705857496211286,0.6588806854853281,0.7305529885535164,0.6422137070813173,0.5779519242609028,1.000000000000001]],"type":"heatmap","xaxis":"x","yaxis":"y","hovertemplate":"x: %{x}\u003cbr\u003ey: %{y}\u003cbr\u003eSimilarity Score: %{z}\u003cextra\u003e\u003c\u002fextra\u003e"}],                        {"template":{"data":{"histogram2dcontour":[{"type":"histogram2dcontour","colorbar":{"outlinewidth":0,"ticks":""},"colorscale":[[0.0,"#0d0887"],[0.1111111111111111,"#46039f"],[0.2222222222222222,"#7201a8"],[0.3333333333333333,"#9c179e"],[0.4444444444444444,"#bd3786"],[0.5555555555555556,"#d8576b"],[0.6666666666666666,"#ed7953"],[0.7777777777777778,"#fb9f3a"],[0.8888888888888888,"#fdca26"],[1.0,"#f0f921"]]}],"choropleth":[{"type":"choropleth","colorbar":{"outlinewidth":0,"ticks":""}}],"histogram2d":[{"type":"histogram2d","colorbar":{"outlinewidth":0,"ticks":""},"colorscale":[[0.0,"#0d0887"],[0.1111111111111111,"#46039f"],[0.2222222222222222,"#7201a8"],[0.3333333333333333,"#9c179e"],[0.4444444444444444,"#bd3786"],[0.5555555555555556,"#d8576b"],[0.6666666666666666,"#ed7953"],[0.7777777777777778,"#fb9f3a"],[0.8888888888888888,"#fdca26"],[1.0,"#f0f921"]]}],"heatmap":[{"type":"heatmap","colorbar":{"outlinewidth":0,"ticks":""},"colorscale":[[0.0,"#0d0887"],[0.1111111111111111,"#46039f"],[0.2222222222222222,"#7201a8"],[0.3333333333333333,"#9c179e"],[0.4444444444444444,"#bd3786"],[0.5555555555555556,"#d8576b"],[0.6666666666666666,"#ed7953"],[0.7777777777777778,"#fb9f3a"],[0.8888888888888888,"#fdca26"],[1.0,"#f0f921"]]}],"heatmapgl":[{"type":"heatmapgl","colorbar":{"outlinewidth":0,"ticks":""},"colorscale":[[0.0,"#0d0887"],[0.1111111111111111,"#46039f"],[0.2222222222222222,"#7201a8"],[0.3333333333333333,"#9c179e"],[0.4444444444444444,"#bd3786"],[0.5555555555555556,"#d8576b"],[0.6666666666666666,"#ed7953"],[0.7777777777777778,"#fb9f3a"],[0.8888888888888888,"#fdca26"],[1.0,"#f0f921"]]}],"contourcarpet":[{"type":"contourcarpet","colorbar":{"outlinewidth":0,"ticks":""}}],"contour":[{"type":"contour","colorbar":{"outlinewidth":0,"ticks":""},"colorscale":[[0.0,"#0d0887"],[0.1111111111111111,"#46039f"],[0.2222222222222222,"#7201a8"],[0.3333333333333333,"#9c179e"],[0.4444444444444444,"#bd3786"],[0.5555555555555556,"#d8576b"],[0.6666666666666666,"#ed7953"],[0.7777777777777778,"#fb9f3a"],[0.8888888888888888,"#fdca26"],[1.0,"#f0f921"]]}],"surface":[{"type":"surface","colorbar":{"outlinewidth":0,"ticks":""},"colorscale":[[0.0,"#0d0887"],[0.1111111111111111,"#46039f"],[0.2222222222222222,"#7201a8"],[0.3333333333333333,"#9c179e"],[0.4444444444444444,"#bd3786"],[0.5555555555555556,"#d8576b"],[0.6666666666666666,"#ed7953"],[0.7777777777777778,"#fb9f3a"],[0.8888888888888888,"#fdca26"],[1.0,"#f0f921"]]}],"mesh3d":[{"type":"mesh3d","colorbar":{"outlinewidth":0,"ticks":""}}],"scatter":[{"fillpattern":{"fillmode":"overlay","size":10,"solidity":0.2},"type":"scatter"}],"parcoords":[{"type":"parcoords","line":{"colorbar":{"outlinewidth":0,"ticks":""}}}],"scatterpolargl":[{"type":"scatterpolargl","marker":{"colorbar":{"outlinewidth":0,"ticks":""}}}],"bar":[{"error_x":{"color":"#2a3f5f"},"error_y":{"color":"#2a3f5f"},"marker":{"line":{"color":"#E5ECF6","width":0.5},"pattern":{"fillmode":"overlay","size":10,"solidity":0.2}},"type":"bar"}],"scattergeo":[{"type":"scattergeo","marker":{"colorbar":{"outlinewidth":0,"ticks":""}}}],"scatterpolar":[{"type":"scatterpolar","marker":{"colorbar":{"outlinewidth":0,"ticks":""}}}],"histogram":[{"marker":{"pattern":{"fillmode":"overlay","size":10,"solidity":0.2}},"type":"histogram"}],"scattergl":[{"type":"scattergl","marker":{"colorbar":{"outlinewidth":0,"ticks":""}}}],"scatter3d":[{"type":"scatter3d","line":{"colorbar":{"outlinewidth":0,"ticks":""}},"marker":{"colorbar":{"outlinewidth":0,"ticks":""}}}],"scattermapbox":[{"type":"scattermapbox","marker":{"colorbar":{"outlinewidth":0,"ticks":""}}}],"scatterternary":[{"type":"scatterternary","marker":{"colorbar":{"outlinewidth":0,"ticks":""}}}],"scattercarpet":[{"type":"scattercarpet","marker":{"colorbar":{"outlinewidth":0,"ticks":""}}}],"carpet":[{"aaxis":{"endlinecolor":"#2a3f5f","gridcolor":"white","linecolor":"white","minorgridcolor":"white","startlinecolor":"#2a3f5f"},"baxis":{"endlinecolor":"#2a3f5f","gridcolor":"white","linecolor":"white","minorgridcolor":"white","startlinecolor":"#2a3f5f"},"type":"carpet"}],"table":[{"cells":{"fill":{"color":"#EBF0F8"},"line":{"color":"white"}},"header":{"fill":{"color":"#C8D4E3"},"line":{"color":"white"}},"type":"table"}],"barpolar":[{"marker":{"line":{"color":"#E5ECF6","width":0.5},"pattern":{"fillmode":"overlay","size":10,"solidity":0.2}},"type":"barpolar"}],"pie":[{"automargin":true,"type":"pie"}]},"layout":{"autotypenumbers":"strict","colorway":["#636efa","#EF553B","#00cc96","#ab63fa","#FFA15A","#19d3f3","#FF6692","#B6E880","#FF97FF","#FECB52"],"font":{"color":"#2a3f5f"},"hovermode":"closest","hoverlabel":{"align":"left"},"paper_bgcolor":"white","plot_bgcolor":"#E5ECF6","polar":{"bgcolor":"#E5ECF6","angularaxis":{"gridcolor":"white","linecolor":"white","ticks":""},"radialaxis":{"gridcolor":"white","linecolor":"white","ticks":""}},"ternary":{"bgcolor":"#E5ECF6","aaxis":{"gridcolor":"white","linecolor":"white","ticks":""},"baxis":{"gridcolor":"white","linecolor":"white","ticks":""},"caxis":{"gridcolor":"white","linecolor":"white","ticks":""}},"coloraxis":{"colorbar":{"outlinewidth":0,"ticks":""}},"colorscale":{"sequential":[[0.0,"#0d0887"],[0.1111111111111111,"#46039f"],[0.2222222222222222,"#7201a8"],[0.3333333333333333,"#9c179e"],[0.4444444444444444,"#bd3786"],[0.5555555555555556,"#d8576b"],[0.6666666666666666,"#ed7953"],[0.7777777777777778,"#fb9f3a"],[0.8888888888888888,"#fdca26"],[1.0,"#f0f921"]],"sequentialminus":[[0.0,"#0d0887"],[0.1111111111111111,"#46039f"],[0.2222222222222222,"#7201a8"],[0.3333333333333333,"#9c179e"],[0.4444444444444444,"#bd3786"],[0.5555555555555556,"#d8576b"],[0.6666666666666666,"#ed7953"],[0.7777777777777778,"#fb9f3a"],[0.8888888888888888,"#fdca26"],[1.0,"#f0f921"]],"diverging":[[0,"#8e0152"],[0.1,"#c51b7d"],[0.2,"#de77ae"],[0.3,"#f1b6da"],[0.4,"#fde0ef"],[0.5,"#f7f7f7"],[0.6,"#e6f5d0"],[0.7,"#b8e186"],[0.8,"#7fbc41"],[0.9,"#4d9221"],[1,"#276419"]]},"xaxis":{"gridcolor":"white","linecolor":"white","ticks":"","title":{"standoff":15},"zerolinecolor":"white","automargin":true,"zerolinewidth":2},"yaxis":{"gridcolor":"white","linecolor":"white","ticks":"","title":{"standoff":15},"zerolinecolor":"white","automargin":true,"zerolinewidth":2},"scene":{"xaxis":{"backgroundcolor":"#E5ECF6","gridcolor":"white","linecolor":"white","showbackground":true,"ticks":"","zerolinecolor":"white","gridwidth":2},"yaxis":{"backgroundcolor":"#E5ECF6","gridcolor":"white","linecolor":"white","showbackground":true,"ticks":"","zerolinecolor":"white","gridwidth":2},"zaxis":{"backgroundcolor":"#E5ECF6","gridcolor":"white","linecolor":"white","showbackground":true,"ticks":"","zerolinecolor":"white","gridwidth":2}},"shapedefaults":{"line":{"color":"#2a3f5f"}},"annotationdefaults":{"arrowcolor":"#2a3f5f","arrowhead":0,"arrowwidth":1},"geo":{"bg